1200
1 32 480
2 30 460
3 28 440
4 27 420
5 30 400
6 26 380
7 24 360
8 22 340
9 25 320
10 21 300
11 20 280
12 19 260
13 18 240
14 17 230
15 23 220
16 21 210
17 19 200
18 18 190
19 16 180
20 20 170
21 18 160
22 17 150
23 15 140
24 14 130
25 13 120
26 12 110
27 12 100
28 11 95
29 10 90
30 10 85
31 9 80
32 9 75
33 8 70
34 7 68
35 7 65
36 6 63
37 6 60
38 6 58
39 5 56
40 5 54
41 5 52
42 5 50
43 5 48
44 4 46
45 4 44
46 4 42
47 4 40
48 4 38
49 3 36
50 3 34
51 3 32
52 3 30
53 3 28
54 2 26
55 2 24
56 2 22
57 2 20
58 2 18
59 2 16
60 2 14
61 2 12
62 2 10
63 1 9
64 1 8
65 1 7
66 1 6
67 1 5
68 1 4
69 1 3
70 1 2
71 1 2
72 1 2
73 1 1
74 1 1
75 1 1